              0              0
          0.001  4.9502492e-05
          0.002 -1.6336645e-05
          0.003 -4.8522277e-05
          0.004 -1.0675438e-05
          0.005 -1.9024588e-05
          0.006 -9.4176453e-06
          0.007 -9.3239382e-06
          0.008 -1.8462327e-05
          0.009 -4.5696559e-05
           0.01 -3.0161247e-05
          0.011 -1.1197927e-05
          0.012 -2.2173011e-05
          0.013  -1.254422e-05
          0.014 -2.1733956e-05
          0.015 -4.3035399e-05
          0.016 -1.4202396e-05
          0.017 -8.4366482e-06
          0.018 -1.1932432e-05
          0.019 -8.2695913e-06
           0.02 -4.0936538e-05
          0.021 -1.0132303e-05
          0.022  -2.006297e-05
          0.023  -7.945336e-05
          0.024 -7.8662786e-05
          0.025 -3.8940039e-05
          0.026 -1.5421032e-05
          0.027 -1.2722992e-05
          0.028 -7.5578374e-06
          0.029 -9.3532946e-06
           0.03 -7.4081822e-05
          0.031 -1.4668939e-05
          0.032 -3.6307452e-05
          0.033 -7.9880415e-06
          0.034  -8.897129e-06
          0.035 -7.0468809e-06
          0.036 -1.3953527e-05
          0.037 -7.6748259e-06
          0.038 -6.8386141e-05
          0.039 -7.5228542e-06
           0.04 -6.7032005e-06
          0.041 -1.3273005e-05
          0.042 -7.3005202e-06
          0.043 -1.3010182e-05
          0.044 -3.2201821e-05
          0.045 -1.5940704e-05
          0.046 -1.0521394e-05
          0.047 -6.9444696e-06
          0.048 -2.0626113e-05
          0.049  -3.063132e-05
           0.05 -7.5816332e-06
          0.051 -1.5012389e-05
          0.052 -5.9452055e-05
          0.053 -1.4715124e-05
          0.054  -8.324975e-06
          0.055 -5.7694981e-05
          0.056 -1.1424181e-05
          0.057 -5.6552544e-05
          0.058 -6.9987296e-06
          0.059 -9.2387881e-06
           0.06 -6.8601455e-06
          0.061 -5.4335087e-05
          0.062 -2.6897222e-05
          0.063  -5.325918e-05
          0.064 -5.8588047e-06
          0.065 -5.2204578e-06
          0.066 -5.1685133e-06
          0.067 -1.7056953e-05
          0.068 -6.3327124e-06
          0.069 -2.5078803e-05
           0.07 -1.2414633e-05
          0.071  -4.916442e-06
          0.072 -6.9536037e-06
          0.073 -1.2047725e-05
          0.074 -1.1927848e-05
          0.075 -4.7236655e-06
          0.076  -6.680949e-06
          0.077 -2.3150653e-05
          0.078 -4.5840601e-06
          0.079 -5.0427199e-06
           0.08 -1.4977632e-05
          0.081 -4.9428674e-06
          0.082 -1.1010791e-05
          0.083 -7.2674881e-06
          0.084 -2.1585526e-05
          0.085 -4.2741493e-06
          0.086 -7.0527014e-06
          0.087 -5.9850221e-06
          0.088 -2.0739146e-05
          0.089 -1.0266394e-05
           0.09 -2.0328483e-05
          0.091 -2.0126211e-05
          0.092  -9.962976e-06
          0.093 -9.8638428e-06
          0.094 -1.9531392e-05
          0.095 -9.6685256e-06
          0.096 -7.6578577e-06
          0.097  -9.477076e-06
          0.098  -6.255185e-06
          0.099 -9.2894173e-06
            0.1 -7.3575888e-06
          0.101 -4.0468776e-06
          0.102 -1.2019831e-05
          0.103 -1.1900232e-05
          0.104 -1.7672734e-05
          0.105 -4.9991107e-06
          0.106 -8.6613953e-06
          0.107 -4.2876065e-06
          0.108 -4.2449441e-06
          0.109 -1.1207216e-05
           0.11 -4.1608885e-06
          0.111 -1.6477948e-05
          0.112  -1.631399e-05
          0.113 -8.0758314e-06
          0.114 -4.5688432e-06
          0.115 -1.0554559e-05
          0.116 -6.2697236e-06
          0.117 -6.2073388e-06
          0.118 -3.0727874e-05
          0.119 -4.3460181e-06
           0.12 -3.0119421e-06
          0.121 -5.9639456e-06
          0.122 -3.6903771e-06
          0.123 -5.8458516e-06
          0.124 -2.8938422e-06
          0.125  -2.865048e-05
          0.126 -3.5456753e-06
          0.127 -7.0207905e-06
          0.128 -6.9509325e-06
          0.129 -9.1756928e-06
           0.13  -3.028131e-06
          0.131 -2.6982006e-05
          0.132 -6.6783825e-06
          0.133 -1.3223863e-05
          0.134  -8.728189e-06
          0.135 -3.7034323e-06
          0.136 -2.5666078e-06
          0.137 -3.6300994e-06
          0.138 -3.5939793e-06
          0.139 -2.7675034e-06
           0.14 -2.7399663e-06
          0.141 -4.0690547e-06
          0.142 -1.2085701e-05
          0.143 -1.1965446e-05
          0.144 -2.6325307e-06
          0.145 -2.3457029e-05
          0.146 -4.6447255e-06
          0.147 -5.7481371e-06
          0.148 -4.5527538e-06
          0.149 -3.2196094e-06
           0.15 -1.1156508e-05
          0.151  -3.681833e-06
          0.152 -2.1871189e-05
          0.153 -2.4059519e-06
          0.154  -2.143811e-06
          0.155 -2.1224797e-06
          0.156 -2.1013607e-05
          0.157 -2.3116131e-06
          0.158  -4.119502e-06
          0.159 -4.0785122e-06
           0.16 -6.7298839e-06
          0.161 -4.9971904e-06
          0.162  -3.957974e-06
          0.163 -3.2654929e-06
          0.164 -2.7711435e-06
          0.165 -2.1338879e-06
          0.166 -3.8027796e-06
          0.167 -2.3530883e-06
          0.168 -3.7274795e-06
          0.169 -1.8451952e-05
           0.17 -3.0447254e-06
          0.171 -3.0144299e-06
          0.172 -2.9844358e-06
          0.173 -2.5326344e-06
          0.174 -2.5074343e-06
          0.175 -3.4754789e-06
          0.176 -1.9116096e-06
          0.177 -5.6777663e-06
          0.178 -1.6863815e-06
          0.179 -3.3392034e-06
           0.18 -1.6529889e-06
          0.181 -1.6365414e-05
          0.182 -1.6202575e-06
          0.183 -8.0206784e-06
          0.184 -1.5881743e-05
          0.185 -1.5723717e-05
          0.186 -3.8918158e-06
          0.187 -1.5412366e-05
          0.188 -1.6954456e-06
          0.189 -1.8883976e-06
           0.19 -2.9913724e-06
          0.191 -3.7020097e-06
          0.192 -4.8868987e-06
          0.193  -1.451482e-05
          0.194 -1.4370395e-05
          0.195 -1.4227407e-05
          0.196 -1.4085842e-06
          0.197 -2.7891371e-06
          0.198 -1.7258655e-06
          0.199 -2.2782571e-06
            0.2 -1.9333612e-06
          0.201 -4.4662892e-06
          0.202 -1.3265547e-05
          0.203 -4.3778507e-06
          0.204 -6.5014355e-06
          0.205  -1.287349e-06
          0.206 -1.4161552e-06
          0.207 -1.2618578e-06
          0.208 -6.2465106e-06
          0.209 -1.2368714e-06
           0.21 -2.4491286e-06
          0.211 -4.0412655e-06
          0.212 -1.2003163e-06
          0.213 -1.9806216e-06
          0.214 -2.3530969e-06
          0.215 -5.8242079e-06
          0.216 -1.6475017e-06
          0.217 -1.1417762e-06
          0.218 -2.8260383e-06
          0.219 -1.5988107e-06
           0.22 -1.5829023e-06
          0.221 -1.2188961e-06
          0.222 -1.0860911e-06
          0.223 -5.3764215e-06
          0.224  -1.064585e-05
          0.225 -1.0539922e-05
          0.226 -5.2175242e-06
          0.227 -1.0331218e-06
          0.228  -1.461203e-06
          0.229 -1.0126646e-06
           0.23 -1.6709807e-06
          0.231 -2.4815313e-06
          0.232 -2.4568396e-06
          0.233 -1.2161968e-06
          0.234 -1.2040955e-06
          0.235 -1.9073832e-06
          0.236 -1.3488603e-06
          0.237 -1.5580121e-06
          0.238 -1.8510116e-06
          0.239 -9.1629684e-06
           0.24 -1.2959708e-06
          0.241 -8.9815295e-06
          0.242 -1.7784323e-06
          0.243 -1.4672805e-06
          0.244 -1.4526809e-06
          0.245 -8.6293586e-06
          0.246 -9.4927723e-07
          0.247 -2.1146215e-06
          0.248 -8.3743226e-07
          0.249 -4.1454983e-06
           0.25 -8.2084999e-06
          0.251 -9.0298044e-07
          0.252 -4.0229803e-06
          0.253  -3.982951e-06
          0.254   -7.88664e-07
          0.255 -2.6027222e-06
          0.256 -1.9326185e-06
          0.257 -2.5511848e-06
          0.258 -1.8943501e-06
          0.259  -7.502004e-06
           0.26 -3.7136789e-06
          0.261 -7.3534544e-06
          0.262  -1.213381e-06
          0.263 -9.0098078e-07
          0.264  -7.136127e-06
          0.265 -2.3550404e-06
          0.266 -3.4974111e-06
          0.267 -7.6946917e-07
          0.268 -6.8563154e-07
          0.269 -8.4851174e-07
           0.27 -7.4672792e-07
          0.271 -1.1089468e-06
          0.272 -6.5874754e-07
          0.273 -1.6304822e-06
          0.274 -2.1523449e-06
          0.275 -1.0654644e-06
          0.276 -1.5822942e-06
          0.277 -6.2662005e-06
          0.278 -6.8931675e-07
          0.279 -1.0236869e-06
           0.28 -1.5202516e-06
          0.281 -6.0204992e-06
          0.282 -1.4901486e-06
          0.283 -9.8354756e-07
          0.284 -1.9475222e-06
          0.285  -1.928144e-06
          0.286  -5.726876e-07
          0.287 -9.4498211e-07
          0.288 -8.0192518e-07
          0.289 -1.1115243e-06
           0.29 -6.8779025e-07
          0.291  -5.447573e-06
          0.292 -6.7417109e-07
          0.293 -1.7799013e-06
          0.294 -6.6082161e-07
          0.295 -6.5424632e-07
          0.296 -1.0363783e-06
          0.297  -5.130331e-06
          0.298 -8.4654723e-07
          0.299 -8.3812395e-07
            0.3 -5.5318965e-07
          0.301 -9.8583358e-07
          0.302 -4.8801218e-06
          0.303 -6.0394548e-07
          0.304 -4.7834889e-07
          0.305 -1.5786308e-06
          0.306  -9.377539e-07
          0.307  -9.284231e-07
          0.308 -9.1918513e-07
          0.309 -7.5836591e-07
           0.31 -4.5049202e-07
          0.311 -4.4600955e-06
          0.312 -7.3595281e-07
          0.313 -1.4572599e-06
          0.314 -7.2137997e-07
          0.315 -5.3565159e-07
          0.316 -6.0608202e-07
          0.317  -6.000514e-07
          0.318 -6.9309425e-07
          0.319 -1.0292968e-06
           0.32 -4.0762204e-06
          0.321 -1.3452204e-06
          0.322 -9.9887646e-07
          0.323 -4.9446873e-07
          0.324 -4.8954869e-07
          0.325 -1.2924736e-06
          0.326 -5.4840569e-07
          0.327 -9.5016068e-07
          0.328 -1.2542752e-06
          0.329  -1.241795e-06
           0.33 -3.6883167e-07
          0.331 -1.2172058e-06
          0.332 -4.0169813e-07
          0.333 -3.5793105e-07
          0.334 -3.5436958e-06
          0.335 -4.3855443e-07
          0.336 -6.9470518e-07
          0.337 -4.9128053e-07
          0.338 -8.5118637e-07
          0.339 -3.3708677e-06
           0.34 -1.6686635e-06
          0.341 -8.2603001e-07
          0.342 -3.2712435e-06
          0.343 -4.0483676e-07
          0.344 -4.0080857e-07
          0.345 -3.9682045e-07
          0.346  -4.489966e-07
          0.347 -6.2234061e-07
          0.348 -7.7018528e-07
          0.349 -1.5250436e-06
           0.35 -3.0197383e-07
          0.351 -4.2709878e-07
          0.352 -4.2284907e-07
          0.353 -5.8609832e-07
          0.354 -4.8355545e-07
          0.355 -7.1811599e-07
          0.356 -4.0626892e-07
          0.357 -9.3852846e-07
          0.358 -3.9822426e-07
          0.359 -3.0664812e-07
           0.36 -5.4647445e-07
          0.361 -4.5086411e-07
          0.362 -1.3391338e-06
          0.363 -5.3032369e-07
          0.364  -3.281543e-07
          0.365 -6.4977822e-07
          0.366 -1.2866256e-06
          0.367 -6.3691175e-07
          0.368 -1.2611487e-06
          0.369 -3.5674289e-07
           0.37 -4.1205877e-07
          0.371 -6.1193808e-07
          0.372 -2.4233968e-07
          0.373  -3.427548e-07
          0.374 -7.9180344e-07
          0.375 -2.9397182e-07
          0.376 -3.8806234e-07
          0.377 -2.3052063e-06
          0.378 -5.7056729e-07
          0.379 -1.1297801e-06
           0.38  -7.456924e-07
          0.381 -7.3827263e-07
          0.382 -2.7409751e-07
          0.383 -2.1709616e-06
          0.384 -2.3881779e-07
          0.385 -4.2559473e-07
          0.386 -3.5113333e-07
          0.387 -4.1716739e-07
          0.388 -2.9501179e-07
          0.389 -1.0222673e-06
           0.39 -4.0483823e-07
          0.391  -6.680167e-07
          0.392 -1.9841095e-07
          0.393 -2.4554591e-07
          0.394 -2.7783164e-07
          0.395 -2.1394113e-07
          0.396 -6.3543714e-07
          0.397 -1.8873433e-07
          0.398 -4.6714098e-07
          0.399 -3.6999428e-07
            0.4 -2.6165198e-07
          0.401 -2.0148217e-07
          0.402 -2.2441206e-07
          0.403 -2.2217912e-07
          0.404 -3.5194945e-07
          0.405 -8.7111873e-07
          0.406 -2.4641456e-07
          0.407 -5.6924628e-07
          0.408 -8.4537328e-07
          0.409 -1.6739234e-07
           0.41 -4.1431689e-07
          0.411 -2.7346291e-07
          0.412 -4.0611286e-07
          0.413 -1.6082879e-06
          0.414 -2.6538086e-07
          0.415 -7.8822082e-07
          0.416 -3.1215116e-07
          0.417  -1.545226e-06
          0.418 -1.9123134e-07
          0.419 -3.7865712e-07
           0.42 -2.9991154e-07
          0.421 -2.9692737e-07
          0.422 -1.8373306e-07
          0.423 -2.4253984e-07
          0.424 -7.2037959e-07
          0.425 -2.0377477e-07
          0.426 -3.5305756e-07
          0.427 -2.7963566e-07
          0.428 -2.3071103e-07
          0.429 -1.9578465e-07
           0.43 -1.5076177e-07
          0.431 -3.3583874e-07
          0.432 -1.8999834e-07
          0.433 -1.6459434e-07
          0.434 -6.5182641e-07
          0.435 -3.2267031e-07
          0.436 -1.4198208e-07
          0.437 -1.5814051e-07
          0.438 -2.0875598e-07
          0.439 -6.2003646e-07
           0.44  -1.227734e-07
          0.441 -1.3505754e-07
          0.442  -1.504279e-07
          0.443 -2.3828979e-07
          0.444 -1.3106598e-07
          0.445 -3.8928557e-07
          0.446 -1.6517662e-07
          0.447 -2.2894632e-07
          0.448 -1.8889022e-07
          0.449 -1.8701073e-07
           0.45 -1.1108997e-07
          0.451 -5.4992301e-07
          0.452 -1.0889024e-07
          0.453 -1.3475845e-07
          0.454 -1.5247724e-07
          0.455 -2.6418011e-07
          0.456 -1.7436765e-07
          0.457 -5.1789799e-07
          0.458 -1.0254896e-07
          0.459 -1.0152858e-06
           0.46 -1.0051836e-07
          0.461 -9.9518183e-08
          0.462 -1.4075423e-07
          0.463 -1.6257932e-07
          0.464 -1.3796711e-07
          0.465 -9.5616019e-08
          0.466 -1.0518292e-07
          0.467 -1.3388956e-07
          0.468 -1.3255734e-07
          0.469 -2.2966715e-07
           0.47 -1.1369096e-07
          0.471 -1.1255972e-07
          0.472 -4.4575893e-07
          0.473 -1.2609244e-07
          0.474 -2.9128821e-07
          0.475 -4.3258476e-07
          0.476 -4.2828047e-07
          0.477 -8.4803802e-07
          0.478 -9.3288877e-08
          0.479 -1.1874939e-07
           0.48 -1.3716245e-07
          0.481 -1.0184825e-07
          0.482 -1.0083484e-07
          0.483 -9.9831516e-08
          0.484 -1.1295792e-07
          0.485 -1.3047296e-07
          0.486 -2.5834946e-07
          0.487 -3.8366826e-07
          0.488 -1.0852877e-07
          0.489 -3.7607112e-07
           0.49 -1.4893166e-07
          0.491 -9.2156104e-08
          0.492 -7.2991308e-07
          0.493 -7.2265033e-07
          0.494 -2.3848661e-07
          0.495 -7.8704544e-08
          0.496 -7.0129278e-08
          0.497  -1.735787e-07
          0.498 -9.8200894e-08
          0.499 -8.5070806e-08
            0.5 -9.6256386e-08
          0.501 -1.1118172e-07
          0.502 -8.2556584e-08
          0.503 -6.5388106e-07
          0.504 -2.1579161e-07
          0.505 -6.4093334e-08
          0.506 -1.5863899e-07
          0.507   -1.04707e-07
          0.508  -6.219909e-08
          0.509 -3.0790099e-07
           0.51 -3.0483733e-07
          0.511 -8.6229756e-08
          0.512 -2.9880114e-07
          0.513 -5.9165605e-07
          0.514 -9.7628162e-08
          0.515 -7.2492559e-08
          0.516 -7.1771246e-08
          0.517  -7.105711e-08
          0.518 -2.8140032e-07
          0.519 -1.3930017e-07
           0.52 -5.5165644e-07
          0.521 -9.1027895e-08
          0.522 -5.4073291e-07
          0.523 -1.7845084e-07
          0.524  -6.625321e-08
          0.525 -1.0495037e-07
          0.526 -1.7317682e-07
          0.527 -5.7151229e-08
          0.528 -6.3655385e-08
          0.529 -5.0417603e-07
           0.53 -6.2394924e-08
          0.531 -7.0598953e-08
          0.532 -6.9896482e-08
          0.533   -9.68814e-08
          0.534 -6.8512439e-08
          0.535  -4.748151e-07
          0.536 -1.1752265e-07
          0.537 -4.6541313e-08
          0.538 -7.6797032e-08
          0.539 -9.1239467e-08
           0.54 -1.1291452e-07
          0.541 -4.9684891e-08
          0.542 -1.1067867e-07
          0.543 -8.7661916e-08
          0.544 -4.3394833e-07
          0.545 -4.2963047e-07
          0.546 -2.1267779e-07
          0.547 -5.2640402e-08
          0.548 -4.1693297e-07
          0.549 -8.2556883e-08
           0.55 -1.3622571e-07
          0.551 -4.0461074e-07
          0.552  -2.002924e-07
          0.553 -1.3219964e-07
          0.554 -6.5442114e-08
          0.555 -4.3193969e-08
          0.556 -4.2764182e-08
          0.557 -4.7631005e-08
          0.558 -4.1917395e-08
          0.559  -4.150031e-08
           0.56 -4.1087375e-08
          0.561 -5.2300991e-08
          0.562 -7.2492822e-08
          0.563 -5.1265362e-08
          0.564 -1.1842895e-07
          0.565 -1.1725056e-07
          0.566 -3.8694632e-08
          0.567 -3.8309614e-08
          0.568 -1.7067792e-07
          0.569 -8.4489824e-08
           0.57 -1.1153218e-07
          0.571 -4.7323893e-08
          0.572 -8.1992773e-08
          0.573 -4.0588465e-08
          0.574 -3.2147683e-07
          0.575  -7.956952e-08
          0.576 -3.5012351e-08
          0.577  -6.239515e-08
          0.578 -3.0887154e-07
          0.579  -3.397758e-08
           0.58 -3.3639497e-08
          0.581 -9.9914336e-08
          0.582 -2.9676051e-07
          0.583  -2.938077e-07
          0.584 -4.1554895e-08
          0.585 -4.7998319e-08
          0.586 -2.8512437e-07
          0.587 -4.0326762e-08
          0.588 -4.6579755e-08
          0.589 -2.7669767e-08
           0.59 -5.4788896e-08
          0.591 -4.5203115e-08
          0.592 -3.3565002e-08
          0.593 -2.9538689e-08
          0.594 -6.5800741e-08
          0.595 -2.6058405e-08
          0.596  -2.579912e-07
          0.597 -1.2771207e-07
          0.598 -3.1610329e-08
          0.599 -5.0073281e-08
            0.6 -3.5410745e-08
          0.601 -8.1802939e-08
          0.602 -2.4296696e-07
          0.603  -1.202747e-07
          0.604 -1.1907795e-07
          0.605  -5.894655e-08
          0.606 -4.6688018e-08
          0.607 -2.3111732e-08
          0.608 -2.8602208e-08
          0.609 -3.2362984e-08
           0.61 -2.2428677e-08
          0.611  -3.700918e-08
          0.612 -2.4427288e-08
          0.613  -2.176581e-07
          0.614 -2.6936545e-08
          0.615 -3.0478311e-08
          0.616 -2.6403166e-08
          0.617 -2.3235956e-08
          0.618 -6.9014262e-08
          0.619 -4.0996535e-08
           0.62 -2.0294306e-08
          0.621 -2.0092375e-08
          0.622 -1.9892452e-08
          0.623 -2.8135027e-08
          0.624 -2.4373194e-08
          0.625 -3.8609083e-08
          0.626 -3.1854097e-08
          0.627 -1.8922286e-07
          0.628 -2.3417507e-08
          0.629 -3.0912666e-08
           0.63 -2.6232925e-08
          0.631 -4.5450831e-08
          0.632 -1.7999435e-08
          0.633 -1.9800375e-08
          0.634 -3.5286045e-08
          0.635 -1.7467471e-07
          0.636 -8.6468336e-08
          0.637 -1.7121592e-07
          0.638  -1.695123e-07
          0.639 -1.8647291e-08
           0.64 -2.3736532e-08
          0.641 -8.2251225e-08
          0.642 -2.3266518e-08
          0.643 -2.3035012e-08
          0.644 -7.9820334e-08
          0.645 -3.9513054e-08
          0.646 -3.1295914e-08
          0.647 -7.7461287e-08
          0.648 -7.6690534e-08
          0.649  -1.518549e-08
           0.65  -2.505732e-08
          0.651 -1.4884797e-07
          0.652 -1.6374101e-08
          0.653 -2.4316764e-08
          0.654 -1.6049872e-08
          0.655 -1.7876445e-08
          0.656 -7.0794286e-08
          0.657 -2.0025677e-08
          0.658 -1.7348116e-08
          0.659   -1.37404e-08
           0.66 -6.8018402e-08
          0.661 -3.3670804e-08
          0.662 -4.4447698e-08
          0.663 -4.4005436e-08
          0.664 -2.6140545e-08
          0.665 -1.2940221e-08
          0.666 -4.2704879e-08
          0.667 -2.1139979e-08
          0.668 -6.2788899e-08
          0.669 -2.4865655e-08
           0.67 -2.4618238e-08
          0.671 -1.3540712e-08
          0.672  -1.723626e-08
          0.673  -1.194533e-07
          0.674 -1.6894959e-08
          0.675 -1.4635995e-08
          0.676 -1.9320486e-08
          0.677 -5.7384733e-08
          0.678 -1.2625277e-08
          0.679  -1.406211e-08
           0.68 -3.7125838e-08
          0.681 -1.5752756e-08
          0.682 -1.0917209e-08
          0.683 -1.0808581e-07
          0.684 -2.6752585e-08
          0.685 -1.0594557e-07
          0.686 -1.3111424e-08
          0.687 -2.0769541e-08
          0.688 -1.4687772e-08
          0.689 -1.2723923e-08
           0.69 -2.5194636e-08
          0.691  -9.977578e-09
          0.692 -3.2927665e-08
          0.693 -1.0866676e-08
          0.694  -4.841348e-08
          0.695 -1.3694788e-08
          0.696 -9.4909657e-09
          0.697 -2.3491323e-08
          0.698 -3.1010107e-08
          0.699 -9.2104653e-08
            0.7 -1.0132022e-08
          0.701 -1.0031207e-08
          0.702 -8.9382549e-08
          0.703 -1.2641883e-08
          0.704 -8.7612656e-08
          0.705 -1.0842612e-08
          0.706 -2.1469452e-08
          0.707 -1.4170552e-08
          0.708 -8.4177315e-08
          0.709 -1.6667947e-08
           0.71 -1.6502098e-08
          0.711 -2.7229833e-08
          0.712 -2.6958892e-08
          0.713 -1.6014388e-08
          0.714 -1.5855042e-08
          0.715 -1.3081068e-08
          0.716 -1.1100779e-08
          0.717 -1.9233068e-08
          0.718 -7.6166784e-09
          0.719 -2.5136304e-08
           0.72 -7.4658581e-08
          0.721 -1.8478929e-08
          0.722 -3.6590121e-08
          0.723 -1.2075348e-08
          0.724 -1.7932794e-08
          0.725  -2.367248e-08
          0.726 -1.7577701e-08
          0.727 -2.3203733e-08
          0.728 -8.6148195e-09
          0.729 -1.1372134e-08
           0.73 -1.3510776e-08
          0.731 -8.3602132e-09
          0.732 -1.1036037e-08
          0.733 -1.0926226e-08
          0.734 -1.6226263e-08
          0.735 -1.0709873e-08
          0.736 -1.2723969e-08
          0.737 -6.2986818e-09
          0.738 -3.1180044e-08
          0.739 -8.8199422e-09
           0.74 -1.0187546e-08
          0.741 -1.0086178e-08
          0.742 -5.9914915e-08
          0.743 -7.4148439e-09
          0.744  -2.936426e-08
          0.745 -1.1628832e-08
          0.746 -1.9188539e-08
          0.747 -7.1241037e-09
          0.748 -5.6425742e-09
          0.749 -2.7932148e-08
           0.75 -5.5308437e-09
          0.751 -5.4758109e-08
          0.752 -7.7447509e-09
          0.753 -1.7891275e-08
          0.754 -6.6424703e-09
          0.755 -5.2611013e-09
          0.756 -7.4410749e-09
          0.757 -5.1569245e-08
          0.758 -1.2764031e-08
          0.759 -1.0109621e-08
           0.76 -5.5605715e-09
          0.761 -5.5052429e-09
          0.762 -2.4527092e-08
          0.763 -1.2141521e-08
          0.764 -1.2020711e-08
          0.765 -7.9340688e-09
          0.766 -4.7130741e-09
          0.767 -4.6661782e-09
          0.768  -9.239498e-09
          0.769 -4.5737817e-08
           0.77 -7.5471197e-09
          0.771 -4.4832148e-09
          0.772 -5.5482575e-09
          0.773 -7.3240686e-09
          0.774 -6.2153082e-09
          0.775 -4.3074254e-09
          0.776 -2.1322829e-08
          0.777 -4.6912585e-09
          0.778 -5.9716025e-09
          0.779 -4.1385288e-08
           0.78 -2.0486749e-08
          0.781 -4.5073116e-09
          0.782 -1.3387389e-08
          0.783 -4.4180609e-09
          0.784 -3.9366904e-08
          0.785 -1.9487598e-08
          0.786 -3.8587387e-09
          0.787 -4.7754295e-09
          0.788 -1.2607769e-08
          0.789 -9.3617394e-09
           0.79 -9.2685885e-09
          0.791 -1.2235153e-08
          0.792 -1.8170116e-08
          0.793 -7.1957283e-09
          0.794 -5.9367746e-09
          0.795 -5.0380309e-09
          0.796 -1.7457656e-08
          0.797 -6.9135797e-09
          0.798 -5.7039904e-09
          0.799 -5.6472347e-09
            0.8 -4.7923233e-09
          0.801 -1.1070824e-08
          0.802 -4.6974289e-09
          0.803 -6.5109642e-09
          0.804 -3.2230895e-09
          0.805 -6.3820384e-09
          0.806 -7.8981701e-09
          0.807 -1.0426109e-08
          0.808 -6.1934207e-09
          0.809 -1.5329488e-08
           0.81 -6.0707828e-09
          0.811 -4.2931268e-09
          0.812 -2.9752866e-09
          0.813 -3.6821025e-09
          0.814 -4.1662457e-09
          0.815  -9.624512e-09
          0.816 -3.1762488e-09
          0.817 -3.5377252e-09
          0.818 -1.4010097e-08
          0.819 -9.2471295e-09
           0.82 -2.7465357e-08
          0.821 -5.4384144e-09
          0.822 -5.3843013e-09
          0.823 -6.6634083e-09
          0.824 -2.9320472e-09
          0.825 -8.7086186e-09
          0.826 -2.5865899e-09
          0.827 -2.5608529e-08
          0.828   -2.81708e-09
          0.829 -3.5859209e-09
           0.83 -3.1064603e-09
          0.831 -4.1007341e-09
          0.832 -2.4359586e-08
          0.833 -3.4453149e-09
          0.834 -1.1938617e-08
          0.835 -2.3639652e-09
          0.836 -2.3404433e-08
          0.837 -3.3102222e-09
          0.838 -1.1470497e-08
          0.839 -3.7854546e-09
           0.84 -2.8108416e-09
          0.841 -2.4736651e-09
          0.842 -5.5103663e-09
          0.843 -2.1822149e-09
          0.844 -3.6008358e-09
          0.845 -1.0695021e-08
          0.846 -5.2943018e-09
          0.847 -3.4944151e-09
          0.848   -2.30643e-09
          0.849 -4.1102652e-09
           0.85 -2.0346837e-08
          0.851 -2.0144382e-09
          0.852 -1.9943943e-08
          0.853 -2.8207853e-09
          0.854 -3.9098052e-09
          0.855  -1.935451e-08
          0.856 -2.1291033e-09
          0.857  -3.794253e-09
          0.858 -1.8782498e-08
          0.859 -2.3244511e-09
           0.86 -6.1368598e-09
          0.861 -1.8227391e-08
          0.862 -3.6092051e-09
          0.863 -4.4666161e-09
          0.864 -2.5269557e-09
          0.865 -2.9187808e-09
          0.866 -3.4676861e-09
          0.867 -1.9073234e-09
          0.868 -4.2487767e-09
          0.869 -1.8695558e-09
           0.87 -2.7764302e-09
          0.871 -5.4976085e-09
          0.872 -2.3326742e-09
          0.873 -1.6166246e-08
          0.874 -8.0026944e-09
          0.875 -3.9615331e-09
          0.876 -7.8442304e-09
          0.877 -2.2189083e-09
          0.878 -1.7086454e-09
          0.879 -1.5224797e-08
           0.88 -5.0244358e-09
          0.881 -1.4923326e-08
          0.882  -7.387418e-09
          0.883 -4.8759413e-09
          0.884 -1.8102843e-09
          0.885 -2.3896956e-09
          0.886 -3.5488766e-09
          0.887 -1.7567823e-09
          0.888 -6.9572083e-09
          0.889 -2.2959943e-09
           0.89 -1.9484132e-09
          0.891 -2.7006367e-09
          0.892 -2.2281374e-09
          0.893 -1.3235802e-08
          0.894 -1.3104104e-09
          0.895  -3.243429e-09
          0.896 -1.6055782e-09
          0.897 -3.1792048e-09
          0.898  -2.518057e-09
          0.899 -1.2465009e-08
            0.9 -6.1704902e-09
          0.901 -1.2218186e-09
          0.902 -3.0241532e-09
          0.903 -1.4970312e-09
          0.904 -1.1857084e-08
          0.905 -1.6770148e-09
          0.906 -1.1622298e-08
          0.907 -5.7533269e-09
          0.908 -2.8480402e-09
          0.909 -5.6394034e-09
           0.91 -2.7916452e-09
          0.911 -1.3819339e-09
          0.912 -2.7363669e-09
          0.913 -1.5480798e-09
          0.914 -1.0728733e-08
          0.915 -3.5406601e-09
          0.916  -2.103258e-09
          0.917 -2.6029127e-09
          0.918 -1.0308053e-08
          0.919 -1.7009144e-09
           0.92   -1.12266e-09
          0.921 -1.4290578e-09
          0.922 -4.9519344e-09
          0.923 -1.4007605e-09
          0.924  -9.707759e-10
          0.925 -3.2037217e-09
          0.926 -4.7577663e-09
          0.927 -1.3458359e-09
          0.928 -1.3324446e-09
          0.929  -1.539051e-09
           0.93 -9.1424231e-10
          0.931 -1.1314318e-09
          0.932 -1.4935652e-09
          0.933 -2.9574079e-09
          0.934  -1.097993e-09
          0.935 -1.0870677e-09
          0.936 -8.6100099e-09
          0.937 -8.5243388e-10
          0.938 -9.3772447e-10
          0.939 -1.3925909e-09
           0.94 -2.7574689e-09
          0.941 -1.6380189e-09
          0.942 -2.0271505e-09
          0.943 -1.1468457e-09
          0.944 -7.9480409e-09
          0.945 -1.9672391e-09
          0.946 -8.6562879e-10
          0.947 -1.1018772e-09
          0.948 -8.4848819e-10
          0.949 -7.5604103e-09
           0.95  -2.495061e-09
          0.951  -1.058672e-09
          0.952 -7.3369664e-10
          0.953 -1.2106604e-09
          0.954  -1.438337e-09
          0.955 -7.9112515e-10
          0.956 -7.8325332e-10
          0.957 -9.9701977e-10
          0.958  -1.381939e-09
          0.959 -9.7727745e-10
           0.96 -1.6932184e-09
          0.961 -1.6763706e-09
          0.962 -1.1064603e-09
          0.963  -6.572705e-09
          0.964 -8.1341318e-10
          0.965 -2.1475189e-09
          0.966 -7.9730652e-10
          0.967 -7.0166506e-10
          0.968 -1.2504301e-09
          0.969 -8.8427721e-10
           0.97 -1.5320874e-09
          0.971 -8.6676734e-10
          0.972 -2.0023334e-09
          0.973  -8.496042e-10
          0.974 -1.9626845e-09
          0.975 -1.1658933e-09
          0.976 -2.8857311e-09
          0.977 -1.4285088e-09
          0.978 -2.8285898e-09
          0.979 -5.6008897e-10
           0.98   -1.38629e-09
          0.981 -9.1499745e-10
          0.982 -6.0392871e-10
          0.983 -1.7937586e-09
          0.984 -5.3277311e-09
          0.985 -1.0549439e-09
          0.986  -5.222235e-09
          0.987 -5.1702729e-09
          0.988 -5.1188278e-09
          0.989 -6.3348682e-10
           0.99 -7.1678117e-10
          0.991 -7.0964908e-10
          0.992 -1.6393719e-09
          0.993 -1.6230599e-09
          0.994 -6.8867578e-10
          0.995 -4.7727634e-09
          0.996 -6.7503909e-10
          0.997 -9.3565127e-10
          0.998 -4.6317069e-09
          0.999 -4.5856207e-09
